10,85
10,259
10,291
10,125
10,77
10,133
10,223
11,5
11,2
11,3
52,3
52,2
52,1
52,0
49,4
49,3
8,8
8,10
8,5
8,7
8,14
49,2
49,1
49,0
48,4
48,3
48,2
48,1
48,0
47,4
47,3
47,2
47,1
47,0
44,5
44,4
44,3
44,2
44,1
44,0
41,5
41,4
41,3
41,2
41,1
41,0
39,5
39,4
39,3
39,2
39,1
39,0
37,5
37,4
37,3
37,2
37,1
37,0
35,4
35,3
35,2
35,1
35,0
30,4
30,3
30,2
30,1
30,0
27,3
27,1
20,3
20,2
20,1
12,3
12,2
12,1
11,29
11,28
11,27
11,26
11,25
11,24
19,2
19,1
11,23
11,22
11,21
11,20
11,19
11,18
11,17
11,16
11,15
11,14
11,13
11,12
19,3
11,11
11,10
11,9
11,8
11,1
11,7
10,311
10,293
18,1
10,265
10,169
18,3
10,145
